  m             v             log10(rho)    log10(temp)   he4           c12           o16           ne20         mg24          si28          s32           ar36         ca40          ti44          cr48          fe52         fe54          ni56          ni57          ni58          ni59          ni60          ni61          ni62
  Msol          cm/s          g/cm^3        K
  2.28766e-06   1.38190e+07   2.90840e+00   7.75570e+00   1.13845e-02   3.79775e-06   1.10845e-08   2.15218e-08  3.25753e-08   3.86106e-07   1.86732e-06   2.60058e-06  2.81063e-05   1.33650e-05   2.47365e-05   4.67134e-05  4.78027e-09   9.09373e-01   2.19269e-02   2.53981e-02   1.07272e-03   2.49509e-02   7.74411e-04   4.99767e-03
  6.11935e-05   3.35080e+07   2.87910e+00   7.73330e+00   1.15556e-02   3.92887e-06   1.15206e-08   2.23590e-08  3.41086e-08   4.03079e-07   1.85221e-06   2.52946e-06  2.89294e-05   1.35660e-05   2.56537e-05   4.83337e-05  4.79676e-09   9.09662e-01   2.18578e-02   2.51120e-02   1.04844e-03   2.48207e-02   7.84077e-04   5.03438e-03
  2.79137e-04   5.73450e+07   2.87890e+00   7.74330e+00   1.12985e-02   3.81275e-06   1.11395e-08   2.15788e-08  3.28103e-08   3.88226e-07   1.77869e-06   2.43414e-06  2.79002e-05   1.29069e-05   2.51136e-05   4.70224e-05  4.69164e-09   9.10302e-01   2.17428e-02   2.49830e-02   1.04029e-03   2.47061e-02   7.85706e-04   5.02018e-03
  7.74636e-04   7.97970e+07   2.88190e+00   7.75000e+00   1.10255e-02   3.77506e-06   1.10015e-08   2.13188e-08  3.24143e-08   3.82367e-07   1.75530e-06   2.42335e-06  2.69451e-05   1.24378e-05   2.46456e-05   4.61345e-05  4.64415e-09   9.10516e-01   2.16809e-02   2.48731e-02   1.04516e-03   2.49090e-02   7.89290e-04   5.04202e-03
  1.62369e-03   1.02740e+08   2.87940e+00   7.74700e+00   1.00519e-02   2.92966e-06   8.40080e-09   1.61311e-08  2.44016e-08   2.88255e-07   1.35926e-06   1.89446e-06  2.10720e-05   9.62713e-06   1.91586e-05   3.58838e-05  4.05347e-09   9.14004e-01   2.15591e-02   2.51302e-02   1.00453e-03   2.28343e-02   7.19023e-04   4.60489e-03
  2.98881e-03   1.25400e+08   2.89690e+00   7.72540e+00   9.82054e-03   3.13358e-06   8.97456e-09   1.73038e-08  2.62207e-08   3.09958e-07   1.44171e-06   1.99243e-06  2.24189e-05   1.03423e-05   2.04685e-05   3.86654e-05  4.06959e-09   9.12979e-01   2.13867e-02   2.46398e-02   1.02673e-03   2.43975e-02   7.65327e-04   4.88527e-03
  4.84188e-03   1.46710e+08   2.89760e+00   7.72170e+00   9.69870e-03   3.02035e-06   8.65137e-09   1.66546e-08  2.52635e-08   2.99375e-07   1.39740e-06   1.92112e-06  2.16267e-05   9.98086e-06   1.96052e-05   3.70000e-05  3.96196e-09   9.13778e-01   2.13326e-02   2.44467e-02   1.01740e-03   2.41226e-02   7.49385e-04   4.76012e-03
  7.37369e-03   1.69010e+08   2.89220e+00   7.71570e+00   9.93927e-03   3.16806e-06   9.10930e-09   1.75627e-08  2.66135e-08   3.15996e-07   1.46781e-06   2.02292e-06  2.26227e-05   1.03982e-05   2.04683e-05   3.82170e-05  4.04474e-09   9.13650e-01   2.13605e-02   2.41395e-02   1.01565e-03   2.43104e-02   7.57015e-04   4.72847e-03
  1.05440e-02   1.90820e+08   2.89430e+00   7.70730e+00   8.59958e-03   2.32653e-06   6.57261e-09   1.25103e-08  1.88725e-08   2.24091e-07   1.07170e-06   1.49328e-06  1.66181e-05   7.55019e-06   1.50248e-05   2.84502e-05  3.46174e-09   9.17519e-01   2.11639e-02   2.41449e-02   9.76194e-04   2.24949e-02   6.93587e-04   4.33505e-03
  1.46428e-02   2.12230e+08   2.89390e+00   7.69860e+00   9.12918e-03   2.75937e-06   7.86332e-09   1.50611e-08  2.28087e-08   2.71426e-07   1.27766e-06   1.76526e-06  1.96140e-05   8.97125e-06   1.77187e-05   3.35499e-05  3.68006e-09   9.15869e-01   2.11644e-02   2.35793e-02   9.95025e-04   2.38865e-02   7.36434e-04   4.55443e-03
  1.94274e-02   2.34030e+08   2.88710e+00   7.69510e+00   9.16314e-03   2.70214e-06   7.70204e-09   1.47650e-08  2.23015e-08   2.65773e-07   1.25845e-06   1.74305e-06  1.93049e-05   8.80516e-06   1.74205e-05   3.29396e-05  3.64693e-09   9.16534e-01   2.11172e-02   2.33821e-02   9.84328e-04   2.35581e-02   7.24004e-04   4.45297e-03
  2.50420e-02   2.55650e+08   2.86880e+00   7.69700e+00   9.38494e-03   2.79545e-06   8.00217e-09   1.53560e-08  2.32736e-08   2.76994e-07   1.31996e-06   1.82436e-06  2.01160e-05   9.17000e-06   1.81066e-05   3.40867e-05  3.69203e-09   9.16690e-01   2.10581e-02   2.29820e-02   9.79136e-04   2.36785e-02   7.26140e-04   4.41332e-03
  3.18022e-02   2.78030e+08   2.86050e+00   7.69620e+00   9.46221e-03   2.80844e-06   8.06514e-09   1.54420e-08  2.33655e-08   2.79583e-07   1.32915e-06   1.82945e-06  2.02339e-05   9.22816e-06   1.81765e-05   3.40455e-05  3.67830e-09   9.17115e-01   2.10140e-02   2.26688e-02   9.72440e-04   2.36203e-02   7.20981e-04   4.33807e-03
  3.94932e-02   3.00110e+08   2.84770e+00   7.69220e+00   9.56576e-03   2.83505e-06   8.15919e-09   1.56180e-08  2.36436e-08   2.82285e-07   1.34806e-06   1.88147e-06  2.05670e-05   9.32461e-06   1.83506e-05   3.43357e-05  3.69492e-09   9.17369e-01   2.09761e-02   2.24128e-02   9.66152e-04   2.36103e-02   7.19017e-04   4.29237e-03
  4.81739e-02   3.22480e+08   2.83450e+00   7.69000e+00   9.64045e-03   2.83594e-06   8.18507e-09   1.56530e-08  2.37085e-08   2.83894e-07   1.35876e-06   1.87786e-06  2.06380e-05   9.38270e-06   1.83685e-05   3.42956e-05  3.66970e-09   9.17876e-01   2.09300e-02   2.20607e-02   9.58527e-04   2.35220e-02   7.13268e-04   4.20992e-03
  5.78851e-02   3.45220e+08   2.82340e+00   7.68720e+00   9.75447e-03   2.87085e-06   8.31059e-09   1.58900e-08  2.40656e-08   2.89075e-07   1.38116e-06   1.91247e-06  2.08530e-05   9.41400e-06   1.85155e-05   3.45416e-05  3.67370e-09   9.18326e-01   2.08700e-02   2.16996e-02   9.49726e-04   2.34619e-02   7.08652e-04   4.14019e-03
  6.86726e-02   3.67490e+08   2.80840e+00   7.68370e+00   9.85139e-03   2.87075e-06   8.33050e-09   1.59101e-08  2.41156e-08   2.90106e-07   1.40547e-06   1.94017e-06  2.10140e-05   9.56514e-06   1.85766e-05   3.45136e-05  3.66670e-09   9.18676e-01   2.08320e-02   2.14126e-02   9.45918e-04   2.34228e-02   7.03321e-04   4.06547e-03
  8.04686e-02   3.90080e+08   2.79330e+00   7.67950e+00   1.00179e-02   2.92995e-06   8.53590e-09   1.63071e-08  2.46976e-08   2.97726e-07   1.44317e-06   1.99187e-06  2.14890e-05   9.63120e-06   1.89806e-05   3.57187e-05  3.69599e-09   9.19062e-01   2.07979e-02   2.10144e-02   9.36798e-04   2.33315e-02   7.04132e-04   4.04264e-03
  9.33156e-02   4.12520e+08   2.78000e+00   7.68000e+00   1.01769e-02   2.97605e-06   8.70331e-09   1.66021e-08  2.51667e-08   3.03546e-07   1.46987e-06   2.04538e-06  2.20341e-05   1.00007e-05   1.95946e-05   3.60297e-05  3.71379e-09   9.18960e-01   2.07668e-02   2.07573e-02   9.34341e-04   2.36167e-02   7.05894e-04   3.98721e-03
  1.07157e-01   4.34730e+08   2.76750e+00   7.67710e+00   1.04170e-02   3.07979e-06   9.05093e-09   1.72753e-08  2.62060e-08   3.16030e-07   1.53589e-06   2.13331e-06  2.29624e-05   1.03280e-05   2.01418e-05   3.74602e-05  3.75752e-09   9.19135e-01   2.07170e-02   2.03694e-02   9.28813e-04   2.36640e-02   7.06607e-04   3.96382e-03
  1.22008e-01   4.58560e+08   2.75400e+00   7.66100e+00   1.07120e-02   3.23112e-06   9.56462e-09   1.82655e-08  2.77193e-08   3.35544e-07   1.62951e-06   2.24473e-06  2.42096e-05   1.09511e-05   2.13711e-05   3.98796e-05  3.83743e-09   9.18875e-01   2.07129e-02   1.99863e-02   9.28954e-04   2.39802e-02   7.16803e-04   3.98383e-03
  1.37790e-01   4.80770e+08   2.73360e+00   7.66850e+00   1.10442e-02   3.40487e-06   1.01670e-08   1.93908e-08  2.94348e-08   3.56830e-07   1.72224e-06   2.37667e-06  2.57371e-05   1.16633e-05   2.27805e-05   4.18673e-05  3.92177e-09   9.18531e-01   2.06801e-02   1.95814e-02   9.26877e-04   2.44295e-02   7.27278e-04   3.96934e-03
  1.54497e-01   5.04280e+08   2.72010e+00   7.66330e+00   1.14784e-02   3.65495e-06   1.10113e-08   2.10413e-08  3.19966e-08   3.87660e-07   1.86938e-06   2.58563e-06  2.78387e-05   1.25936e-05   2.43240e-05   4.53933e-05  4.07634e-09   9.18099e-01   2.06522e-02   1.91925e-02   9.27700e-04   2.47841e-02   7.37332e-04   4.01018e-03
  1.72081e-01   5.26550e+08   2.69250e+00   7.66030e+00   1.19616e-02   3.94894e-06   1.20306e-08   2.30459e-08  3.51075e-08   4.26081e-07   2.06234e-06   2.84181e-06  3.02795e-05   1.38290e-05   2.70888e-05   4.99767e-05  4.27601e-09   9.17086e-01   2.06664e-02   1.87755e-02   9.31657e-04   2.56118e-02   7.61843e-04   4.07463e-03
  1.90501e-01   5.48810e+08   2.67860e+00   7.65580e+00   1.25128e-02   4.31168e-06   1.33260e-08   2.55808e-08  3.89809e-08   4.73998e-07   2.28112e-06   3.13301e-06  3.34806e-05   1.52515e-05   2.96867e-05   5.47354e-05  4.51453e-09   9.16268e-01   2.06697e-02   1.83517e-02   9.34915e-04   2.62086e-02   7.82515e-04   4.12820e-03
  2.09673e-01   5.72820e+08   2.66130e+00   7.65210e+00   1.31240e-02   4.73030e-06   1.48655e-08   2.85196e-08  4.35251e-08   5.29633e-07   2.51728e-06   3.44680e-06  3.68586e-05   1.68309e-05   3.25856e-05   6.06891e-05  4.80312e-09   9.15343e-01   2.06498e-02   1.79447e-02   9.37885e-04   2.68401e-02   8.00264e-04   4.20234e-03
  2.29551e-01   5.95200e+08   2.63490e+00   7.64790e+00   1.37174e-02   5.12678e-06   1.63511e-08   3.13829e-08  4.79850e-08   5.83706e-07   2.76699e-06   3.78745e-06  4.04361e-05   1.84956e-05   3.61851e-05   6.69227e-05  5.10558e-09   9.14239e-01   2.06642e-02   1.75500e-02   9.41397e-04   2.76181e-02   8.25674e-04   4.27004e-03
  2.50098e-01   6.18450e+08   2.61770e+00   7.64130e+00   1.43038e-02   5.51006e-06   1.78187e-08   3.42861e-08  5.25119e-08   6.38139e-07   3.03790e-06   4.16590e-06  4.42777e-05   2.03394e-05   3.91994e-05   7.26502e-05  5.42373e-09   9.13341e-01   2.07035e-02   1.71731e-02   9.43463e-04   2.81853e-02   8.44386e-04   4.31512e-03
  2.71221e-01   6.42000e+08   2.59590e+00   7.63990e+00   1.48740e-02   5.89448e-06   1.93752e-08   3.73070e-08  5.71983e-08   6.95636e-07   3.30008e-06   4.51121e-06  4.74477e-05   2.17778e-05   4.18442e-05   7.79949e-05  5.73053e-09   9.12594e-01   2.07145e-02   1.68431e-02   9.44960e-04   2.86265e-02   8.55266e-04   4.34364e-03
  2.92870e-01   6.64620e+08   2.57410e+00   7.63650e+00   1.54233e-02   6.28206e-06   2.10029e-08   4.04283e-08  6.19934e-08   7.54912e-07   3.53669e-06   4.79534e-06  5.05432e-05   2.32055e-05   4.52117e-05   8.37395e-05  6.01609e-09   9.11806e-01   2.07158e-02   1.65313e-02   9.46655e-04   2.91099e-02   8.73338e-04   4.37590e-03
  3.14975e-01   6.88450e+08   2.54350e+00   7.62260e+00   1.59686e-02   6.63072e-06   2.25085e-08   4.32715e-08  6.63892e-08   8.07574e-07   3.74318e-06   5.04916e-06  5.39316e-05   2.49092e-05   4.82820e-05   8.92648e-05  6.28792e-09   9.11104e-01   2.07430e-02   1.62363e-02   9.46987e-04   2.94817e-02   8.87421e-04   4.39944e-03
  3.37474e-01   7.12960e+08   2.52080e+00   7.62840e+00   1.65037e-02   6.88657e-06   2.36818e-08   4.54140e-08  6.97299e-08   8.46072e-07   3.93892e-06   5.34553e-06  5.72854e-05   2.64716e-05   5.05754e-05   9.33247e-05  6.54247e-09   9.10500e-01   2.07789e-02   1.59812e-02   9.45802e-04   2.97640e-02   8.91739e-04   4.38971e-03
  3.60301e-01   7.36260e+08   2.51640e+00   7.60830e+00   1.70250e-02   7.12731e-06   2.48293e-08   4.75741e-08  7.30786e-08   8.86312e-07   4.16803e-06   5.69779e-06  6.04109e-05   2.77732e-05   5.32808e-05   9.79820e-05  6.82772e-09   9.09869e-01   2.08162e-02   1.57273e-02   9.44172e-04   3.00666e-02   9.02934e-04   4.39097e-03
  3.83385e-01   7.58380e+08   2.49030e+00   7.61310e+00   1.75813e-02   7.46784e-06   2.64479e-08   5.06872e-08  7.79234e-08   9.46354e-07   4.45244e-06   6.07593e-06  6.36281e-05   2.91368e-05   5.63289e-05   1.04751e-04  7.18526e-09   9.09253e-01   2.08593e-02   1.54453e-02   9.42760e-04   3.02975e-02   9.18478e-04   4.42920e-03
  4.06666e-01   7.79820e+08   2.45640e+00   7.60490e+00   1.81126e-02   7.81342e-06   2.81697e-08   5.39147e-08  8.29067e-08   1.00831e-06   4.71536e-06   6.38018e-06  6.62045e-05   3.03084e-05   5.81500e-05   1.08824e-04  7.46221e-09   9.08881e-01   2.08805e-02   1.52374e-02   9.42795e-04   3.03217e-02   9.18817e-04   4.42113e-03
  4.30078e-01   8.04030e+08   2.43520e+00   7.60890e+00   1.86206e-02   8.12295e-06   2.97800e-08   5.68481e-08  8.73663e-08   1.06262e-06   4.92478e-06   6.60279e-06  6.83516e-05   3.14285e-05   5.99110e-05   1.10513e-04  7.64880e-09   9.08454e-01   2.08863e-02   1.50933e-02   9.45119e-04   3.04265e-02   9.14267e-04   4.36927e-03
  4.53562e-01   8.28590e+08   2.40570e+00   7.60170e+00   1.91760e-02   8.43933e-06   3.14158e-08   5.98336e-08  9.19296e-08   1.11515e-06   5.12700e-06   6.85113e-06  7.12612e-05   3.29273e-05   6.33327e-05   1.15476e-04  7.92207e-09   9.07693e-01   2.09445e-02   1.48874e-02   9.46908e-04   3.07600e-02   9.25649e-04   4.36210e-03
  4.77057e-01   8.53300e+08   2.37570e+00   7.60010e+00   1.95441e-02   8.48016e-06   3.18070e-08   6.03429e-08  9.26501e-08   1.11975e-06   5.15712e-06   6.93647e-06  7.25768e-05   3.34895e-05   6.50424e-05   1.18957e-04  8.04532e-09   9.07445e-01   2.10386e-02   1.46894e-02   9.42574e-04   3.07542e-02   9.32042e-04   4.34260e-03
  5.00507e-01   8.77510e+08   2.35220e+00   7.59900e+00   2.00463e-02   8.61562e-06   3.26773e-08   6.18135e-08  9.48989e-08   1.14396e-06   5.30017e-06   7.18007e-06  7.50997e-05   3.44409e-05   6.68661e-05   1.22769e-04  8.28311e-09   9.07056e-01   2.11217e-02   1.45043e-02   9.39217e-04   3.07432e-02   9.37137e-04   4.33029e-03
  5.23857e-01   9.01190e+08   2.32160e+00   7.60100e+00   2.01440e-02   8.28858e-06   3.15134e-08   5.92777e-08  9.08531e-08   1.09813e-06   5.17875e-06   7.04400e-06  7.30478e-05   3.31259e-05   6.40171e-05   1.18715e-04  8.07531e-09   9.07901e-01   2.11543e-02   1.44591e-02   9.29092e-04   2.99609e-02   9.14159e-04   4.22647e-03
  5.47054e-01   9.24140e+08   2.28830e+00   7.60490e+00   1.99526e-02   7.65464e-06   2.90281e-08   5.41041e-08  8.25871e-08   1.00488e-06   4.84055e-06   6.59204e-06  6.77510e-05   3.04425e-05   5.90875e-05   1.10381e-04  7.57182e-09   9.09484e-01   2.11569e-02   1.45038e-02   9.14554e-04   2.87555e-02   8.77768e-04   4.06651e-03
  5.70050e-01   9.47530e+08   2.25440e+00   7.60960e+00   1.93527e-02   6.63221e-06   2.47830e-08   4.55110e-08  6.90928e-08   8.47546e-07   4.18492e-06   5.71209e-06  5.86632e-05   2.62204e-05   5.10984e-05   9.39968e-05  6.69072e-09   9.12061e-01   2.11391e-02   1.47083e-02   8.94882e-04   2.70003e-02   8.17291e-04   3.77845e-03
  5.92800e-01   9.72750e+08   2.21580e+00   7.61520e+00   1.80773e-02   5.15143e-06   1.85414e-08   3.34861e-08  5.06332e-08   6.26923e-07   3.20028e-06   4.38469e-06  4.52702e-05   2.00256e-05   3.86640e-05   7.00847e-05  5.54650e-09   9.16376e-01   2.11038e-02   1.51044e-02   8.64022e-04   2.42338e-02   7.19786e-04   3.33357e-03
  6.15263e-01   9.99190e+08   2.17950e+00   7.61950e+00   1.57711e-02   3.33524e-06   1.12805e-08   2.01006e-08  3.03840e-08   3.80450e-07   2.03537e-06   2.79276e-06  2.89438e-05   1.24786e-05   2.40211e-05   4.32536e-05  4.54459e-09   9.22910e-01   2.10357e-02   1.56876e-02   8.14100e-04   2.03308e-02   5.90401e-04   2.74245e-03
  6.37394e-01   1.02580e+09   2.14620e+00   7.62340e+00   1.20519e-02   1.53571e-06   4.86085e-09   8.52212e-09  1.29269e-08   1.63062e-07   9.25777e-07   1.25929e-06  1.30379e-05   5.34029e-06   1.04118e-05   1.88884e-05  4.64304e-09   9.32268e-01   2.08475e-02   1.65247e-02   7.30921e-04   1.51114e-02   4.25843e-04   1.98865e-03
  6.59156e-01   1.05290e+09   2.10520e+00   7.63020e+00   7.12409e-03   3.67070e-07   1.16043e-09   1.92895e-09  2.93178e-09   3.66260e-08   2.18086e-07   2.84218e-07  2.95488e-06   1.10963e-06   2.23106e-06   4.60192e-06  1.10763e-08   9.44055e-01   2.03135e-02   1.76858e-02   5.95737e-04   8.85994e-03   2.36918e-04   1.11704e-03
  6.80520e-01   1.08040e+09   2.07410e+00   7.63080e+00   9.07974e-05   6.21242e-12   1.21378e-13   6.77440e-14  9.02803e-14   8.11530e-13   2.83182e-12   3.20537e-11  3.52522e-07   6.98543e-08   6.23792e-07   8.12700e-04  1.02495e-05   9.61622e-01   1.62964e-02   2.09721e-02   7.96320e-05   9.61184e-05   3.95996e-06   1.47988e-05
  7.01456e-01   1.10660e+09   2.04360e+00   7.62990e+00   4.33564e-10   1.69649e-10   1.44037e-09   2.14638e-13  2.29063e-09   7.41389e-04   1.66895e-03   1.16136e-03  3.56245e-03   7.68615e-06   3.92388e-04   1.83691e-02  1.59541e-02   9.46647e-01   7.58235e-03   3.91318e-03   3.07106e-07   9.88449e-09   4.76637e-10   3.09238e-09
  7.21924e-01   1.13290e+09   2.01040e+00   7.62580e+00   3.05132e-11   1.53066e-09   1.03756e-08   7.08157e-13  2.10297e-08   4.27074e-03   6.97116e-03   3.56581e-03  8.07856e-03   1.25938e-05   6.72754e-04   2.42269e-02  1.68920e-02   9.25609e-01   6.64055e-03   3.05919e-03   2.14635e-07   6.70878e-09   2.94607e-10   1.67529e-09
  7.41915e-01   1.16120e+09   1.97300e+00   7.60830e+00   1.29317e-11   4.30717e-09   2.66285e-08   1.49615e-12  5.72883e-08   9.66072e-03   1.38542e-02   6.25025e-03  1.24896e-02   1.71871e-05   8.59556e-04   2.71776e-02  1.72305e-02   9.03493e-01   6.21028e-03   2.75702e-03   1.86804e-07   5.76250e-09   2.44295e-10   1.33129e-09
  7.61397e-01   1.18990e+09   1.94290e+00   7.60080e+00   7.53980e-12   8.43725e-09   4.91183e-08   2.48342e-12  1.08490e-07   1.63704e-02   2.16647e-02   9.03592e-03  1.66843e-02   2.12276e-05   1.00127e-03   2.89990e-02  1.74212e-02   8.80285e-01   5.92880e-03   2.58739e-03   1.72468e-07   5.23762e-09   2.18467e-10   1.17065e-09
  7.80351e-01   1.21650e+09   1.90670e+00   7.59950e+00   4.70765e-12   1.47601e-08   8.16783e-08   3.86315e-12  1.84042e-07   2.53633e-02   3.14079e-02   1.22759e-02  2.12206e-02   2.52674e-05   1.12967e-03   3.03348e-02  1.75593e-02   8.52537e-01   5.68641e-03   2.45931e-03   1.62446e-07   4.87235e-09   2.01056e-10   1.05682e-09
  7.98761e-01   1.24240e+09   1.87910e+00   7.59290e+00   2.88091e-12   2.54778e-08   1.34309e-07   6.03740e-12  3.13297e-07   3.91177e-02   4.52946e-02   1.65885e-02  2.68144e-02   2.99558e-05   1.25981e-03   3.13085e-02  1.77161e-02   8.14112e-01   5.41718e-03   2.34074e-03   1.54369e-07   4.56466e-09   1.85883e-10   9.47311e-10
  8.16602e-01   1.27110e+09   1.83890e+00   7.57020e+00   1.74098e-12   4.22548e-08   2.13313e-07   9.09999e-12  5.22002e-07   5.87844e-02   6.37395e-02   2.19127e-02  3.31582e-02   3.49822e-05   1.37488e-03   3.16664e-02  1.79176e-02   7.64052e-01   5.12090e-03   2.23730e-03   1.49120e-07   4.25838e-09   1.72392e-10   8.53584e-10
  8.33887e-01   1.29890e+09   1.81600e+00   7.55470e+00   9.97451e-13   6.66354e-08   3.24488e-07   1.31065e-11  8.34769e-07   8.51320e-02   8.66639e-02   2.80315e-02  3.98028e-02   3.98028e-05   1.46001e-03   3.12488e-02  1.81646e-02   7.02503e-01   4.80076e-03   2.15141e-03   1.47102e-07   3.96271e-09   1.61086e-10   7.86703e-10
  8.50582e-01   1.32580e+09   1.76570e+00   7.55210e+00   5.03035e-13   1.07062e-07   5.06626e-07   1.93310e-11  1.38145e-06   1.26150e-01   1.19360e-01   3.59553e-02  4.74221e-02   4.44288e-05   1.50524e-03   2.96125e-02  1.85219e-02   6.14989e-01   4.37286e-03   2.06486e-03   1.48086e-07   3.65056e-09   1.50024e-10   7.29764e-10
  8.66694e-01   1.35260e+09   1.73820e+00   7.53630e+00   2.80037e-13   1.62088e-07   7.56237e-07   2.79381e-11  2.17402e-06   1.77971e-01   1.56602e-01   4.39432e-02  5.38472e-02   4.72408e-05   1.47788e-03   2.67441e-02  1.89387e-02   5.14531e-01   3.89978e-03   1.99371e-03   1.53481e-07   3.45576e-09   1.43015e-10   6.88168e-10
  8.82209e-01   1.38340e+09   1.69530e+00   7.49840e+00   1.68390e-13   2.28521e-07   1.07039e-06   3.89241e-11  3.21510e-06   2.36585e-01   1.93850e-01   5.07357e-02  5.78364e-02   4.75497e-05   1.37599e-03   2.29892e-02  1.94202e-02   4.11818e-01   3.40580e-03   1.93215e-03   1.63380e-07   3.41880e-09   1.39642e-10   6.57121e-10
  8.97129e-01   1.40800e+09   1.67640e+00   7.48250e+00   1.02292e-13   3.07451e-07   1.47526e-06   5.26872e-11  4.56297e-06   3.00602e-01   2.28758e-01   5.56877e-02  5.88957e-02   4.52500e-05   1.20875e-03   1.86525e-02  1.99841e-02   3.11399e-01   2.88848e-03   1.87160e-03   1.78623e-07   3.59817e-09   1.39728e-10   6.35277e-10
  9.11439e-01   1.43660e+09   1.62720e+00   7.48560e+00   6.77420e-14   3.86143e-07   1.92870e-06   6.75951e-11  6.00904e-06   3.57990e-01   2.54429e-01   5.79204e-02  5.71625e-02   4.12584e-05   1.02565e-03   1.47737e-02  2.05250e-02   2.31873e-01   2.43589e-03   1.81537e-03   1.97392e-07   4.07566e-09   1.44509e-10   6.25380e-10
  9.25158e-01   1.46200e+09   1.60340e+00   7.45370e+00   4.31141e-14   4.76008e-07   2.53845e-06   8.66124e-11  7.80795e-06   4.16407e-01   2.74192e-01   5.79049e-02  5.29133e-02   3.55719e-05   8.19628e-04   1.10091e-02  2.11190e-02   1.61858e-01   1.98226e-03   1.74943e-03   2.23022e-07   5.10711e-09   1.55933e-10   6.21622e-10
  9.38272e-01   1.49110e+09   1.54400e+00   7.45230e+00   3.34509e-14   5.52295e-07   3.13541e-06   1.04681e-10  9.38461e-06   4.57444e-01   2.83505e-01   5.64226e-02  4.85027e-02   3.08605e-05   6.71581e-04   8.57613e-03  2.15544e-02   1.19910e-01   1.67234e-03   1.69627e-03   2.47366e-07   6.45838e-09   1.71351e-10   6.25463e-10
  9.50790e-01   1.51950e+09   1.48650e+00   7.44050e+00   3.09545e-14   6.32001e-07   3.85518e-06   1.25633e-10  1.10764e-05   4.93790e-01   2.88056e-01   5.40245e-02  4.36966e-02   2.63100e-05   5.43098e-04   6.62562e-03  2.19488e-02   8.82241e-02   1.40662e-03   1.64292e-03   2.74947e-07   8.43279e-09   1.92642e-10   6.32465e-10
  9.62719e-01   1.55050e+09   1.43730e+00   7.44420e+00   3.12156e-14   7.01895e-07   4.53893e-06   1.45382e-10  1.25055e-05   5.19223e-01   2.88907e-01   5.17365e-02  3.98988e-02   2.30366e-05   4.57940e-04   5.40514e-03  2.22251e-02   6.92746e-02   1.22896e-03   1.60226e-03   2.99458e-07   1.05559e-08   2.14544e-10   6.41562e-10
  9.74054e-01   1.57950e+09   1.37890e+00   7.42490e+00   3.34019e-14   7.60852e-07   5.12941e-06   1.62677e-10  1.36461e-05   5.36335e-01   2.88294e-01   4.99225e-02  3.71731e-02   2.08502e-05   4.04172e-04   4.66212e-03  2.24055e-02   5.80745e-02   1.11510e-03   1.57315e-03   3.19491e-07   1.25099e-08   2.34095e-10   6.50967e-10
  9.84815e-01   1.61260e+09   1.32270e+00   7.42120e+00   3.71731e-14   8.13284e-07   5.64730e-06   1.78050e-10  1.45886e-05   5.48657e-01   2.87224e-01   4.84860e-02  3.51403e-02   1.93079e-05   3.67756e-04   4.17027e-03  2.25304e-02   5.07950e-02   1.03682e-03   1.55162e-03   3.36325e-07   1.42804e-08   2.51646e-10   6.60573e-10
  9.94994e-01   1.64680e+09   1.26630e+00   7.42120e+00   4.27766e-14   8.57480e-07   6.03531e-06   1.90389e-10  1.52848e-05   5.56232e-01   2.86262e-01   4.75497e-02  3.38509e-02   1.84025e-05   3.47142e-04   3.89261e-03  2.26014e-02   4.66934e-02   9.92039e-04   1.53821e-03   3.48591e-07   1.55706e-08   2.65064e-10   6.69573e-10
  1.00462e+00   1.68150e+09   1.20280e+00   7.42260e+00   4.99917e-14   8.98891e-07   6.39262e-06   2.02137e-10  1.59228e-05   5.62498e-01   2.85334e-01   4.67608e-02  3.27831e-02   1.76904e-05   3.30431e-04   3.66966e-03  2.26577e-02   4.34415e-02   9.55751e-04   1.52704e-03   3.60135e-07   1.68079e-08   2.78045e-10   6.79075e-10
  1.01368e+00   1.71780e+09   1.13250e+00   7.41800e+00   5.95427e-14   9.38430e-07   6.75407e-06   2.14397e-10  1.64325e-05   5.67476e-01   2.84952e-01   4.62646e-02  3.20792e-02   1.72535e-05   3.11729e-04   3.43394e-03  2.27103e-02   4.02860e-02   9.21007e-04   1.52282e-03   3.75185e-07   1.83803e-08   2.95193e-10   6.97036e-10
  1.02220e+00   1.75560e+09   1.05270e+00   7.40880e+00   7.49489e-14   9.56156e-07   7.08718e-06   2.28663e-10  1.63025e-05   5.66876e-01   2.88179e-01   4.73994e-02  3.32302e-02   1.82021e-05   2.73709e-04   3.00803e-03  2.27700e-02   3.57871e-02   8.79811e-04   1.55359e-03   4.13995e-07   2.21637e-08   3.38519e-10   7.59718e-10
  1.03018e+00   1.79680e+09   9.68050e-01   7.40260e+00   1.04289e-13   9.96658e-07   8.19125e-06   2.77288e-10  1.52867e-05   5.59411e-01   2.97861e-01   5.13300e-02  3.76090e-02   2.16893e-05   1.89841e-04   2.08327e-03  2.29171e-02   2.61209e-02   7.80758e-04   1.65095e-03   5.38653e-07   3.68429e-08   4.85774e-10   9.49090e-10
  1.03764e+00   1.84280e+09   8.83680e-01   7.39710e+00   1.63764e-13   6.24220e-06   1.12738e-04   5.36363e-09  1.38702e-05   5.46007e-01   3.10345e-01   5.71078e-02  4.45449e-02   2.76011e-05   1.03906e-04   1.11535e-03  2.31230e-02   1.50632e-02   6.30665e-04   1.79773e-03   8.29188e-07   8.62788e-08   8.73295e-10   1.32206e-09
  1.04459e+00   1.89060e+09   8.17210e-01   7.38100e+00   2.35474e-13   2.34813e-05   3.93064e-03   1.70741e-07  1.74487e-05   5.44805e-01   3.15141e-01   5.90698e-02  4.67482e-02   2.96992e-05   3.14560e-05   2.95409e-04  2.34573e-02   4.14619e-03   3.69898e-04   1.93207e-03   1.90977e-06   4.58956e-07   2.29210e-09   1.81542e-09
  1.05104e+00   1.94070e+09   7.31640e-01   7.35820e+00   2.46656e-14   2.35120e-05   2.75862e-02   1.24949e-06  4.45681e-05   5.59215e-01   3.00581e-01   5.23512e-02  3.83603e-02   2.24296e-05   3.35410e-06   5.95459e-06  2.01606e-02   8.62306e-05   3.14768e-05   1.50953e-03   9.38059e-06   8.38336e-06   1.70272e-09   2.02381e-10
  1.05701e+00   1.99330e+09   6.53490e-01   7.33070e+00   2.71655e-15   1.91140e-05   8.15600e-02   4.04857e-06  9.32172e-05   5.43592e-01   2.80944e-01   4.69984e-02  3.28926e-02   1.81446e-05   1.86879e-06   9.95300e-07  1.29355e-02   1.21752e-05   8.58543e-06   8.86846e-04   1.12543e-05   2.11688e-05   4.44601e-09   5.19426e-10
  1.06251e+00   2.04940e+09   5.71700e-01   7.30480e+00   3.97715e-16   1.52731e-05   1.69228e-01   9.35825e-06  1.56678e-04   4.93936e-01   2.56439e-01   4.30486e-02  2.98898e-02   1.63800e-05   1.46400e-06   3.71063e-07  6.75683e-03   3.13873e-06   3.11884e-06   4.65072e-04   8.49963e-06   2.32759e-05   6.14740e-09   1.01096e-09
  1.06755e+00   2.10610e+09   4.98940e-01   7.26850e+00   9.52973e-17   1.26576e-05   2.79393e-01   1.68100e-05  2.29567e-04   4.33492e-01   2.22220e-01   3.68037e-02  2.45765e-02   1.32640e-05   1.05829e-06   1.74052e-07  3.00333e-03   8.65174e-07   1.09920e-06   2.12473e-04   5.12786e-06   1.75446e-05   5.92199e-09   1.25240e-09
  1.07216e+00   2.16450e+09   4.85970e-01   7.23230e+00   3.64967e-17   1.10796e-05   3.94978e-01   2.46347e-05  3.11036e-04   3.79270e-01   1.80283e-01   2.76389e-02  1.60897e-02   8.12990e-06   5.57108e-07   6.78886e-08  1.27574e-03   2.23456e-07   3.61096e-07   9.27189e-05   2.97477e-06   1.28063e-05   5.75642e-09   1.55901e-09
  1.07634e+00   2.22600e+09   4.83570e-01   7.11790e+00   2.14121e-17   1.03734e-05   4.90375e-01   3.00208e-05  3.97248e-04   3.41382e-01   1.40251e-01   1.85287e-02  8.25552e-03   3.74985e-06   2.05868e-07   1.82169e-08  6.65157e-04   6.79177e-08   1.47261e-07   6.02607e-05   2.74348e-06   3.79448e-05   2.31147e-08   8.51463e-09
  1.08010e+00   2.28930e+09   2.55200e-01   7.19430e+00   1.82071e-17   1.03789e-05   5.57093e-01   3.21910e-05  4.88733e-04   3.18080e-01   1.08241e-01   1.18030e-02  3.66364e-03   1.50310e-06   6.16154e-08   3.73565e-09  2.99337e-04   1.92339e-08   6.43942e-08   5.27207e-05   4.35315e-06   2.29805e-04   1.85069e-07   9.13613e-08
  1.08348e+00   2.35140e+09   1.72020e-01   7.13650e+00   2.04730e-17   1.09549e-05   5.98887e-01   3.25479e-05  6.38363e-04   3.03007e-01   8.70646e-02   7.95013e-03  1.70152e-03   6.59521e-07   2.16022e-08   1.13509e-09  9.07016e-05   4.43978e-09   2.31804e-08   3.78477e-05   6.21369e-06   5.71192e-04   5.68218e-07   3.59561e-07
  1.08648e+00   2.42000e+09   5.07450e-02   7.12410e+00   2.91552e-17   1.19858e-05   6.23155e-01   3.13598e-05  2.25069e-03   2.90087e-01   7.63715e-02   6.23664e-03  9.32061e-04   3.30219e-07   1.20835e-08   6.98484e-10  2.62066e-05   9.95471e-10   6.88245e-09   2.61873e-05   7.45456e-06   8.52316e-04   9.80406e-07   1.01173e-05
  1.08912e+00   2.49840e+09  -8.22850e-02   7.12510e+00   4.72644e-17   1.34592e-05   6.37558e-01   2.91875e-05  7.23644e-03   2.71483e-01   7.54190e-02   6.56597e-03  6.71942e-04   2.13391e-07   1.08675e-08   5.92257e-10  1.38011e-05   3.21516e-10   1.90486e-09   1.55126e-05   6.33997e-06   8.25908e-04   1.17353e-06   1.59188e-04
  1.09141e+00   2.58610e+09  -2.25560e-01   7.12820e+00   1.00753e-16   1.87640e-05   6.45617e-01   2.76606e-05  1.29241e-02   2.54331e-01   7.79499e-02   7.70127e-03  5.63224e-04   2.58707e-07   1.08147e-08   5.44277e-10  1.08910e-05   2.04236e-10   7.40495e-10   5.43657e-06   3.14541e-06   4.90845e-04   1.03312e-06   3.55226e-04
  1.09339e+00   2.68390e+09  -3.86320e-01   7.14530e+00   1.62681e-15   1.10412e-04   6.51447e-01   3.40878e-05  1.49639e-02   2.40575e-01   8.25184e-02   9.18869e-03  5.72402e-04   8.80935e-07   1.26936e-08   5.81657e-10  1.06788e-05   2.34497e-10   6.58258e-10   2.24428e-06   1.37850e-06   2.53933e-04   7.61186e-07   3.20223e-04
  1.09506e+00   2.79840e+09  -5.69520e-01   7.13340e+00   6.14133e-14   6.09955e-04   6.55435e-01   7.85535e-05  1.63556e-02   2.33900e-01   8.32737e-02   9.44454e-03  5.12158e-04   1.96277e-06   1.42411e-08   5.82818e-10  8.21650e-06   2.41033e-10   6.12972e-10   1.45559e-06   8.61352e-07   1.65013e-04   6.69441e-07   2.12645e-04
  1.09644e+00   2.93490e+09  -7.60700e-01   7.10410e+00   1.16008e-12   2.07937e-03   6.58727e-01   3.89653e-04  1.69860e-02   2.28956e-01   8.29413e-02   9.21291e-03  4.65247e-04   2.79307e-06   1.51719e-08   6.55503e-10  6.38321e-06   2.31129e-10   7.92753e-10   1.15365e-06   7.70246e-07   1.03183e-04   1.01602e-06   1.27932e-04
  1.09755e+00   3.09670e+09  -9.98310e-01   7.06680e+00   1.91067e-11   6.30422e-03   6.57475e-01   2.89645e-03  2.24515e-02   2.24587e-01   7.77763e-02   7.95611e-03  3.71999e-04   2.57841e-06   1.03380e-08   4.64365e-10  3.42984e-06   1.25294e-10   5.07805e-10   9.52218e-07   8.00801e-07   6.72657e-05   5.39036e-06   1.00669e-04
  1.09842e+00   3.29650e+09  -1.25630e+00   7.02100e+00   3.61518e-10   2.01147e-02   6.32375e-01   2.85553e-02  5.03921e-02   2.03886e-01   5.93028e-02   4.99343e-03  2.01219e-04   1.61852e-06   8.96385e-09   3.84349e-10  7.25222e-07   3.36561e-11   1.20870e-10   9.70550e-07   1.25040e-06   4.96698e-05   1.41513e-05   1.10507e-04
  1.09907e+00   3.54440e+09  -1.50170e+00   6.95150e+00   8.17298e-09   7.37315e-02   5.48032e-01   1.37493e-01  8.83062e-02   1.20455e-01   2.97337e-02   1.78312e-03  4.54330e-05   3.36603e-07   2.15025e-09   2.22839e-11  5.24017e-09   1.75697e-13   1.50609e-11   6.60632e-07   4.08935e-06   5.46675e-05   4.50160e-05   3.15100e-04
  1.09953e+00   3.86060e+09  -2.03970e+00   6.89670e+00   1.96067e-17   5.00000e-01   5.00000e-01   9.82892e-17  6.99788e-24   2.97230e-29   3.23559e-29   3.64004e-29  4.04449e-29   4.44894e-29   4.85339e-29   5.25794e-29  2.41062e-27   5.66229e-29   5.76340e-29   2.44697e-28   6.31210e-24   6.55282e-25   2.75493e-27   3.29629e-27
